Block size: 6
Correlation length: 65 (+ 5 columns repeated at end)
Array size: 65 x 6
Minimum Hdist: 9.3

000000
101001
100001
011011
111111
001100
001100
000010
000000
000000
110111
111011
110111
000000
010100
111110
111011
011101
100010
000000
011100
111100
111111
010111
110111
110001
010000
000000
000001
000011
101111
011011
001000
000100
110011
111111
111110
111110
001011
001000
000110
111111
110110
110111
000000
000010
000010
111010
111100
111111
111101
000100
001100
111110
111111
010111
000111
001000
100001
110001
110011
011111
111110
000100
000010
