Block size: 16
Correlation length: 128 (+ 15 columns repeated at end)
Array size: 128 x 16
Minimum Hdist: 117 @ 3

0111010011000011
0011101100010000
1010111111000100
0011100001101000
1000010000011011
1101010000011111
0010010001111101
0001011000001011
1010100110000110
0010101010101011
0111110001000110
0011010110101111
1110111111011001
1011001011101000
0001011110111010
0000111110111101
0100111011100000
0000101001111011
1110101010101010
1100010110110001
1101101110111000
0001010000000110
1111110001010000
1001100101100110
1011100001110101
0111000011001000
0010010110000001
0001001010111001
1110100000001010
1001101111000001
1101000010111100
1101001011101111
1100011000101000
1100111101101000
1111001010001101
1111101001101111
1000011101010100
0000000100110000
0000111000100000
0110111010110101
0101101011010010
0000101100001100
1011001101000110
1010100100110100
0010010001001101
1001101110110010
1111011010100110
1100100000101000
1101110110100110
1000001110100000
0001011111111001
0101111101110110
0011110100011111
1010110010010110
1100000000011110
0010001011100001
1100101011101110
1110110001011101
0010010111010111
0011101000101001
0000111101110111
1001011101011011
0110000101000001
0010100111011010
0010010001100111
0111000000011000
0110001010011101
1100100100110101
1100000010010010
1111000101110100
0111011000000010
0110000000111011
0010000001000100
1000011011010101
0000111000101101
0011001110001100
1100000011111000
0010000100011111
1000000111011010
1000111100000010
1100100010010110
1101010111001001
1011010011010010
1011110010010100
1001100110000011
0000000001111110
0000101101101100
0101100100100000
1010001001000100
1101000001000000
0100110100011000
1011100001001000
0110011100101010
0010001010111100
0011111101000111
0101100111100001
1000000011110011
0100010000110001
1001000001100111
0111111111010111
0000100111100001
0111100100000011
1000101010011010
1011001011011010
1001110011111000
0100111001010101
0111011100001101
1011010011100100
0110010010001000
0100001000110110
0111110101110001
1010001101101111
1101001100001111
1101100001111111
1100010111100100
1000001001000111
0101010111011110
1111100100011000
0101101100010001
1111100010100011
0100100011101101
0110100010000111
1010010100010000
0001110001100111
0110011110000010
0110010110100010
1001011010001101
0001001100011001
