Block size: 8
Correlation length: 86 (+ 7 columns repeated at end)
Array size: 86 x 8
Minimum Hdist: 4.9

00110110
00101011
11011111
01001110
00001100
10010010
11011000
00110000
10110001
00110110
10000011
11100101
11101111
11111000
00000001
00100010
01011010
11010101
01100110
11111010
01001000
00010000
00111010
10010011
01100111
11000100
11001011
11011011
11101011
11111011
10110111
11110100
10110011
10011000
01100100
10110110
10010111
11011111
10000100
10100011
11100000
11011100
00111000
00011101
01100001
11110111
11100110
00110111
00001000
01001010
10101011
00110100
11010111
11111111
00111001
00111001
01001010
11011101
11001001
11100011
10111000
00100001
00001010
10011101
00001011
11101010
11010101
11110000
00111001
10011111
10011111
01111011
11101101
00011001
01010101
01110010
10000110
01000000
00001000
11110011
00110101
11110011
01100110
10000110
10010001
00000010
