Block size: 7
Correlation length: 128 (+ 6 columns repeated at end)
Array size: 128 x 7
Minimum Hdist: 18 @ 8

0100111
1111100
1101001
1010001
1110010
0011111
0000011
1010011
1101000
0100110
0111011
1111011
0001100
0010100
1011101
1010100
1110010
1011100
0110100
0001111
0000101
0011011
1011101
0011101
0010000
1100011
0001001
1101011
0110000
1110101
0011011
1100101
1000100
0111111
1001101
0101111
1100011
1010101
0001100
0101000
0100000
0010110
1110001
0110110
1100001
0101100
0000111
1011010
1000011
1111101
1110111
0110001
1000000
1110101
1110000
0011000
1011101
0101000
1101101
1101011
1010000
0011111
1111010
1111110
1011111
1111101
1010001
0101101
0111110
0000100
1111000
1001111
0100110
0110000
1000010
1011110
0001100
0010110
0111000
0001000
1000101
0010111
0100110
1101110
0011001
0110010
0000011
0110000
1010000
1000111
1010100
1001011
0001010
0111111
0101111
0100010
0111010
0110100
1101010
0001010
1101000
1111100
0011110
0100111
1111011
0100010
0000011
1000110
0101101
1110111
0000110
1010011
1101001
0011011
1000000
1001100
1101000
0010001
1001010
1000010
1010010
0001110
1110010
1000101
0100001
1011110
1010110
0100011
