Block size: 8
Correlation length: 128 (+ 7 columns repeated at end)
Array size: 128 x 8
Minimum Hdist: 25 @ 29

10111111
10000010
00000100
10010111
11100110
11100111
11111001
10111010
00100100
10111000
00111010
11101001
01101110
01101111
10101001
10010011
01110000
10101111
11000101
00100100
00100000
01110011
01000000
00000011
10110010
01101000
01110010
10100101
10001111
01101000
00000000
10001010
10011001
10111100
10010000
11111100
00101101
10011100
01011011
11110111
11000110
11010000
00110011
00011011
01111010
01001100
11100100
01010010
00000110
11001001
11010111
10010101
00101110
01110011
00110110
11011110
00011110
00101010
01000111
11001001
00101000
11001000
00100100
01001000
11010100
00100011
11001011
00001100
01100101
01111111
10111010
11110011
10000001
00010100
00011001
10000011
01011011
10100010
01110101
01001001
01110111
10101111
10110110
00001011
11011010
10010111
01110101
01100001
11000000
01011101
00001101
10100001
00110100
11110001
00011001
01100110
01110100
10001110
00100110
10010101
10111101
01110100
00011011
01001100
00111011
01001001
01011100
11011010
01101001
10110111
10001110
00010110
11101100
11101010
01111000
11000111
01010010
11111101
00010000
11000001
00100010
00010110
00000101
00011000
11110010
10011010
10100001
11001010
